525126007330570259 100 53 47 2230 8 6
659174165424635905 1 0 1 -6 0 0
549344380251799552 19 6 13 307 2 0
186377724183576576 8 3 5 205 2 0
385123887781773313 14 5 9 231 2 0
297891315352600586 1 1 0 55 1 1
416701110129131520 1 0 1 -6 0 0
225042662732988416 36 12 24 555 2 0
344238284936970240 1 0 1 -6 0 0
307898890546577409 2 1 1 35 1 0
534518554523992075 18 5 13 233 2 0
435970578822856715 11 2 9 37 1 1
394141358622900226 1 0 1 -5 0 0
270286322625806337 4 2 2 111 2 0
497122714142900233 2 1 1 34 1 1
208720530818334721 1 0 1 -6 0 0
347749155021651970 1 0 1 -10 0 0
221722993573888003 2 0 2 -9 0 0
404340956477784064 1 1 0 59 1 1
