549344380251799552 86480
385123887781773313 86957
659516581789040671 47
459951147227021322 259
487843623916797952 731
416701110129131520 86542
508063650548940822 191
208720530818334721 3130
359061476826284032 62995
157530593150631936 24
212986280374435840 55
534518554523992075 89898
783392432599072800 22
530505605132058654 43
689997684920156207 7
629532199271792650 19
225535739486666755 755
221722993573888003 63184
265880162350923776 63039
645673186842902529 229
292875717002264577 468
497122714142900233 2650
348355485235150860 71
209834742546169866 283
444802411207327756 7
435970578822856715 62973
627141391545532449 85
454490466423930890 803
459183028607123463 62900
680590620129230873 982
616690573822132229 114
322102911452577792 21
382680617424388096 101
485999600810065920 57
380503242200711168 159
246023863387815938 87
486420331956011008 358
307898890546577409 3043
477255622774226954 47
382331992995266561 627
383048669739614220 52
490068309278982156 750
561339447099129858 260
719110963621658665 80
361356399973761035 62900
776894440941551627 213
437218755995500554 10
264251783109541888 1880
188731887668166657 68
162805510649806848 114
481514918944702484 21
564484477817192470 1284
697185568018268280 93
764128758688251924 14
197171248629940224 253
163454283059036160 43
698562527377883147 82
249608716381454346 130
485111580095283214 8
594267235120316417 5
286612578975875072 586
398090774908239888 25
425458596000563201 63469
272161112043028480 136
468539660268732416 388
439240491347869696 26
457414446059356160 3287
855960558037893130 69
406630375012696064 240
186377724183576576 63068
375001821690855425 53
269942382361837568 139
159994607155937280 28
724934356048543746 9
538137099644174352 173
480235114262167553 34
363919056690216971 729
494466018245345282 62943
802791829086011432 45
171924926519836672 19
451848320760021032 24
271765649036935169 7
259516583720910849 19
605269714599542784 395
270286322625806337 2158
304982084915560449 5
289903595653038081 734
711906521298239562 33
344902410860363777 460
238022649131958283 53
521144955477950464 321
449696426545643520 626
277835114287726593 29
545639935450021920 16
555574247544848406 214
309558953489072128 1288
705341396143308880 165
763446489166118973 16
581541587763462164 160
382899402232168448 1167
307159738209271808 14
662138117431623681 835
512249979474280454 1305
440850110658904065 37
347749155021651970 281
756158704281452663 20
803730420196966400 126
265014522811645952 20
550428753206050816 12
717654681240731719 15
199680084263567360 50
313035382742712320 9
473874445044416523 2308
712341163176231014 17
225042662732988416 63240
156654763159715840 31
389512654462517261 42
473252141243564054 285
460916668537765889 196
753971421553754123 177
517434578848186378 353
588390483450134528 366
151520337299898378 61
257989400573509632 294
580639269794742273 61
180467886576500736 8
365561408831881217 14
338326883730980864 713
334823947814174720 91
737082410512154684 21
612331528407482403 15
351899353306103819 15
138926166915416064 86
482655157830680577 35
462422755258662947 13
833059583907332126 13
404340956477784064 3278
294236380924608522 777
386429172731346946 27
737445308308389888 35
114174569719267330 72
316283480805867530 50
410175111635927061 97
730156848165945434 13
248892914661457923 82
640620380502884352 5
852936725763850250 51
672860014402207776 29
830499549440376843 33
278725254245777408 9
214028688662986752 20
171919854893400065 659
167837127692910593 21
470124890398261248 52
419944763005861888 13
289564941558611968 14
159790827680432139 37
697311046465224794 79
813661306816036895 33
413387012834459679 17
319331555749396480 971
397564313063129089 312
406352600477335552 49
466344814204551168 220
211310214983581697 773
585349136585588757 12
852627373824278568 99
428359541357543424 14
622304753434755072 70
742447409044520990 19
820045423062286336 70
142613851588788224 46
453665734929940490 22
343820837209505792 48
285516551589855232 5
629001916365668382 22
189600253484204032 7
302552361820225539 10
433391116415533057 82
426540070066192395 666
581030494498455574 113
615293673063841813 1184
590749111339450368 39
535199107355246602 6
730967334809895033 18
419122047927451648 57
307520707645145091 179
514265351068844053 28
199947378713821184 65
369222998655238155 10
216072545617575937 34
728901895460093965 8
311096345530466304 266
474002216378695702 30
183411484020310018 988
440599421890068482 7
286457940381138944 75
141037803621449729 16
727813327010398229 63
717852290152923177 20
834609753010995250 170
486957460763049993 50
582861962589896716 30
363843016072364042 28
269612508329934849 48
744619428921999431 253
610265128985821213 11
454420811038720002 742
698406595813441607 125
538391883710464012 16
493548197218615306 33
448539095984242688 393
352993388615696385 118
367462669554548737 103
232367740705308683 113
394711149926678539 5
738218257567187006 80
354138920143028225 17
536050002980634645 897
618453052663529496 16
785144932834082817 132
329026951992049664 29
250377171699367946 525
430171262027825155 6
296339256538955777 108
365692045618315264 18
745312023952490628 111
780979306419453982 65
817502972601696276 27
693110817675018302 121
662048104354283532 113
767239850893639680 150
124318528193953795 21
268855395387179008 7
729413192857419846 53
463769975967055878 486
143915681665122315 141
323489828123443200 63
661340069113626643 61
479072075873517569 14
247204159001067520 173
563947221746188289 9
336918354499600384 50
315635228381151232 44
523550065751621633 95
736354033497014386 115
347845734676168704 63
183019147012210688 44
699363745368899635 15
794043842990178357 99
249748485446959115 64
854330803986628648 24
250371559808565248 93
862327477082259516 7
733949714206031913 15
233622291529990144 61
787257707957714984 23
303178990502281216 53
234347831819763712 9
199663216186490880 99
302432756829388811 148
526878661723291658 36
853694922683187250 59
334831223891296266 36
293009785006063616 7
485482433592950796 10
813506865874731028 237
626552019871596554 103
690093565153509387 27
703339228016410804 58
352793006794997761 11
603043474408996865 24
345076343144316928 169
596949107428425729 10
432701364771094529 7
270082170519814154 11
107146467499606016 33
220558776103600129 8
268108166250758145 22
549288776938029066 99
706634750567252038 45
578354423953227783 280
474111849668018177 746
561591213464223764 155
526953237375483916 27
234111798326853632 926
269971751205732352 453
522551479999922176 43
477090063230959618 127
700866561900150785 96
777932710605619210 30
443184904575123458 8
560832576177176587 126
369290194182209537 62
510181976700092416 75
618170678155280473 17
342752083390496768 12
350412193042399232 17
744206584976244837 33
298564198995329039 8
227490621084925953 99
347482788053778432 25
325457200405544970 49
581513463533273109 17
407745784562319380 167
223497102796390401 13
427881648093397000 21
563510843619147798 87
247084383188549634 8
115997972944257030 93
242342310413598722 19
259571082200088577 12
414795690875682817 12
285690720785006594 48
503363945487269889 49
309724913181392896 21
291616353906065409 12
279816520849424385 32
375813920704954370 14
524816865940340739 9
256614195188072448 36
139024499256459264 10
354270111470977027 15
356246308002201601 17
399229748691075072 14
244177890562932738 28
353584379651555329 6
455581826761883648 9
165851662781513730 8
810330691665395733 10
790341335914774528 8
446114853963169792 49
151089460107411457 174
272965342605869066 1716
630275507778355203 15
606237938250022945 159
450380495734308885 10
282905256398946304 5
772091420299231262 7
824283020231966741 67
164830625805631488 103
694290954991173714 13
708582131504382012 10
323262899818725377 17
188612705886797834 81
535700144155394053 13
494209513235415050 17
447533743578546177 11
539487621051580436 7
420835164659384322 31
538062912116359184 74
695882999027335188 34
843690690822144010 82
414506052214718475 76
701533612796936263 14
687084371894861826 7
368505593889161219 33
393254546291425280 36
606543012570464294 14
647466680145936384 13
191405835518214144 13
195336557761134593 6
509036964918460426 27
279630870275686400 67
265667864562892800 15
663442042747355137 1832
668685899168743425 544
450060296644460545 31
535590756623319040 401
741682181562302485 20
607392375588782108 22
328715904286457858 6
161975221098774528 256
417853637830901781 11
662756805381718077 52
852949634610626620 11
717601172596195379 12
478686458144751657 18
402884640144097281 30
584486997612167170 27
580538741639348224 9
292445207708958741 15
267318185324183552 119
326362172563128321 9
557902329949585408 15
469071612126429184 28
672640579686891553 12
141364655355461632 14
697689375424905217 76
508845183102615553 25
840007701202731010 9
313851493256134669 7
236785783778836491 10
313120298650042368 143
316370065916428289 12
730990381667319818 729
482708148613021696 47
346757888536215562 20
282886053545902091 6
363498391939973120 24
385736296376565770 17
328236061857939458 7
743670340475027567 58
366669955426680832 543
162810809355993088 40
429278008172609536 9
659520865519665154 9
598121509097177089 14
315270123558666241 6
535422809195937802 15
297891315352600586 86339
693217198583578815 36
528640732844785665 14
726128874332749854 15
727481599410700309 61
397368557874446340 83
576881479708049419 24
468351498750001154 68
750998201632292875 42
378598590362288138 226
443881295462924288 42
698819244766396416 16
371042866996183051 11
767917961083617280 5
185759318010888192 44
307614692136845313 252
522026241558052868 14
545078308954439700 28
156560985568706560 44
669065639876624386 54
520996254755454996 60
500286402492366878 32
619515563974197288 220
647560544043270150 26
280361975387521025 26
375632141100253185 14
665653009640062999 12
627967363551068180 54
232291522433908738 73
268477741001605123 8
543841068215435274 27
259451379091767296 5
436316464321003522 53
218241886215733258 13
315586619241398292 9
278211560566947841 28
373900084812709888 80
828588757208137729 377
580970946572320788 102
407553227005886475 12
138875987898138625 46
561552384363593738 67
348463957888991234 21
258729598643077122 120
696575367246381085 7
546501209633062922 24
733961398991716382 12
403279321227067393 103
276353174980526080 14
156962700491096065 38
143463658016473088 44
498353136583311361 5
664651395554869250 107
444214469028085785 34
295616856545427466 15
589420459288821774 78
414611447235215380 58
413868723200589834 83
213120117955887114 12
476297002473226252 12
727785863819558933 15
413188601916948482 12
313435017806348288 200
409591720469200906 26
498538949476614164 77
234755989067399178 18
778382797382877234 6
659364572221931520 74
294806866507333633 32
397093945177538561 5
240142830838874115 15
434447107743678484 15
431905033869721600 15
652599627249352735 28
259802777755058176 104
750227271008387122 46
212961246926995457 23
832799574493757440 6
744562305089667082 27
564528966044483622 19
215239497909010432 15
281685733838815232 5
817834000075980841 133
201846265196052480 20
731977212823339118 41
341772778011361281 20
272638673034412033 6
534939761228644352 126
215824145768906752 9
426149426759729152 226
818330166513106945 8
688075459988029493 10
634220255102763009 77
533440557897482242 71
569316185846579210 15
707344786457100309 31
485630325536587809 30
424530615044669452 51
396895778888482816 6
290389697145077761 39
688903908906762273 23
120594883852369920 17
301571569275371521 15
614690551291183104 25
171030397004546048 9
287842187151147008 15
854132383561285652 39
477216187122450452 58
515569881513459715 946
279835975360708608 43
540354331623555085 15
574674223742844928 27
496827991196827660 25
520417642155212802 85
569201350672384020 35
622990810673053706 18
489668676136468483 58
479016011547410440 28
346401500588802048 30
361632990859624449 108
170950783414697984 71
216771534696611842 5
341292119064969217 14
469924937646342144 619
841142880986202113 156
321153357521879050 12
451845162042130442 285
498204120143101952 39
253056736682967040 67
610234889324724247 93
701060742027280505 14
723788423009140757 39
251473920174194688 6
267022195040059403 86
504866334840979458 145
589909279486771231 13
852668219235237938 44
390655218850856960 42
757101482721017856 50
799638664787394560 164
376088060506406931 8
862457704097120266 10
607412700674523137 31
710733953958412288 13
217759219007356929 363
310875675361935360 182
475633484392693760 28
701173165199589444 15
800756871383351328 10
401433249697759239 27
213282333787291649 5
776566569388081184 21
752313729063977002 37
542941875741655042 56
281573099865112577 10
569963851563532358 74
656745496852955136 462
680793819234828294 159
796642241270513664 13
592572659427180544 323
390297188544282636 107
475512884961476620 30
831632107922260028 127
495704721760321546 5
535616897358757890 23
330855578358513666 8
761957859722002432 67
864379611646525461 13
721490671306932264 5
786588947119734794 39
848609716728496148 72
646038759652982794 106
749693603026305034 48
426796829947199498 153
319891969176240149 119
567164521349906454 20
865263775664832543 10
834754850239545384 193
239113127596130305 13
722593366436741251 95
769496736376553505 57
469307745015955466 236
324453981604544512 48
677667327835242520 15
336328065430847489 8
434775950069202944 12
692156109292568619 39
713010057926672406 5
206889052501311488 13
156245454231830528 15
378064770890465282 7
206539855222669312 13
609143874840952842 21
434535784792719360 39
582648620168249531 26
691719178972954694 163
525126007330570259 26499
165347421398892544 11
343868295130251267 10
340226408494399489 49
337973247033344001 33
352553287804780552 56
801469262983069737 20
487241474858287114 7
453337485158645772 58
339402898742181891 108
210192091685453827 29
472688475783561216 20
229339002874888193 15
345240324794220555 8
837458653328965632 30
552673027771334663 8
536350889670344704 10
547844304031449091 9
352621870253604866 14
639913295532261379 16
327689885035003906 8
251360590398750730 39
252686370437464064 67
407637806241021964 132
406169167088189449 62906
263917997440237568 6
110496582092234752 26
384913722034094091 14
164247976091451393 6
421707592704851969 14
608699105480278018 75
279514144179224576 111
439149859308699668 44
788322706215010324 15
696450632416231494 41
523338295644782592 11
557079430573326337 18
549566862636220427 24
853426823723089980 88
393158784278855680 19
734857919253708870 5
411981954699886613 10
83479703817551872 36
272800507536474130 15
268790953572040704 26
299200372109475841 9
312788382696734721 11
161268087679746049 14
395795106403188739 23
606998959839379459 7
308044350385029122 171
344149590754197505 9
251744030843469825 7
314173410785755136 6
101286243412770816 7
505790195556417559 44
502838227397378058 22
360123835233730570 232
515167535050653707 10
335464137058549763 9
326554172461678593 20
362046355834929162 9
735028790333538344 43
559621328575922205 20
249756870439337988 14
813161991202930718 6
552558758799212564 9
648498435233808426 61
137706499970433024 33
694894715350286447 111
246229170026315776 7
438481221606178818 15
336273866756194304 9
760788184237211669 62
164506779789557760 18
713143890231820379 15
128202318876246017 18
364113885516529665 22
427973980104949760 12
228825500150267904 56
194195042041069570 36
313798574796439565 28
598351153431969810 20
534550734860058627 234
449378116641488907 13
142849674234036224 64
220373414538379274 428
266830105400180736 22
418616039845265409 48
767785552442687579 37
578548952194875402 6
209301519856697344 15
217726959956787210 6
475930460762144768 10
438459003421589505 37
336186835749306371 6
787856800484950046 32
321141110523297793 462
233814084447895552 14
255926435376660481 10
823272100558143578 79
344238284936970240 1791
677302537421848602 83
505943988969275403 181
723495021579599924 94
248932825942851594 66
287771188489486348 7
310581592253005825 6
308696190139236386 7
654374094476673044 284
634165532215607297 81
210590629548392450 33
349047708264431619 153
321494412263948289 291
583369826173452288 43
201153700515938304 50
525385766923272232 8
310966787854565376 13
121698245582913538 24
462677671373963276 41
688561220499800092 24
279980860755935232 11
215614260997259267 36
249421619322290176 24
797395424540753980 117
792179600947413002 11
714967031673258013 6
475888225282424833 15
741820467236700192 38
443375754638786560 28
485672217636634648 161
390367604679770113 25
261437159204978689 53
405919937815642133 29
65853968982487040 20
596500991466274821 15
780537407983714324 14
411267401481453568 26
517662795068866571 5
603789128403910667 35
295599973662457856 201
698409245779165224 9
533452180360003585 21
286168364412567553 33
337436614835830786 15
155491447737417730 2662
570393392215752728 36
679211666780586022 6
489503056707190794 12
693065453710606386 50
355368822003204117 10
231214584042749952 20
348209865703030786 28
457631743332319263 16
585065082157924375 25
360045203362414592 13
386463250679726081 158
212763273395699713 9
185241293788676096 35
264859958640640010 63
421845671147208704 7
272546824609333250 6
417123088963076097 12
357786742054453259 98
84042879604920320 119
806233279317540885 492
231868401025417216 9
379418349550960640 34
373496374236282881 12
569756843463671810 13
174643919240429569 41
385671791533621258 84
328551867665743872 28
145364506216890368 224
575147160652218368 72
537089034682368005 32
203357036816236545 20
260764494194540549 82
154049854459478016 20
465948093951508491 25
355208409903005697 86
584552108980961310 29
365996777175777280 9
188010612737966080 8
414051972262395915 1332
418763495597932555 28
202101395061604362 61
294319576731222026 250
459065717812232203 201
769050084209852427 26
243586403475128320 7
700547952946446397 37
209974304148946944 112
526752454776324097 46
465929717158248458 8
206302198060154882 10
128162399340462080 38
394400467742097418 482
863938481986469919 840
800637518915698738 909
188049653969715201 137
721895876196302907 125
727965201097556019 23
540819537029758976 11
203477578218995712 30
403969757604216833 66
195508673500413952 67
708566277450629152 12
295083109228216321 13
737346797902495865 5
247570204354281473 16
235122986347266049 9
102130610721554432 12
711481408945913898 13
685135476520517633 49
600275296423247882 120
717386662853869600 9
291449233234460672 13
561295753239199840 11
423175780609163264 9
177735140192157696 9
308705684072038402 22
719562922656923679 16
397590746427031554 68
748651741964140566 179
488392446263164939 12
383086928859365376 11
725409539238920349 13
158042113605369856 12
600763400611692544 25
284342283174674433 25
203685761252327424 254
445387287983816724 7
275817834599415808 35
138018424902254592 6
360617819949498372 13
292343954152620032 59
480136603109425167 6
433610042735067136 41
300011764530282497 9
204113013727428608 90
774332906993745971 21
790340022866935868 118
198775522228961281 10
453460678108512257 10
445917759360991233 24
308698490421248001 12
531910429371269120 12
184849955431776256 37
247096270886273025 183
482560143024979988 38
287875593368764416 8
638866428459745362 15
394141358622900226 76
582663674288799754 53
720088270259748917 11
626620026064994324 14
224356182381428736 9
196442650272858123 6
710689439550013521 58
418119186083217408 64
301614231596302336 14
368607218381357063 14
564484633010634793 38
217158130012913665 22
624349562550616066 18
159820747080990720 12
354407189835808768 14
239843392052264960 18
423259157290942464 6
375068579638280195 25
226507994735706113 8
457363998992760850 99
172736491817140224 6
157087478665183233 278
419276686509735936 14
509840556164251648 11
317111275387748352 6
395694879285575692 26
368746977569275915 11
431512488123564034 9
341885745264590848 6
232616727127654423 26
206039425497563138 19
348999079977811970 7
550445870789820417 13
551161455823683617 36
411907148898107413 7
544709301827010560 25
428137797514166283 28
480497555504103424 28
189393030694961152 18
444264262701940746 29
523526245913460746 14
269216137810542593 12
588367293667475456 11
280114258627264512 7
715300414094049392 15
465488928103727115 10
465959132831416330 17
524940973642481687 6
493316570278264832 11
594850165517713432 11
763133033968173107 10
304663140719656961 24
272758913353515009 218
592087425019281451 5
157887291803697152 11
297738255150088193 6
721655117916536845 15
489069206290169858 34
450787614103175168 10
262267653710807040 24
381546102010150913 8
395481832193392652 13
363638267884863491 7
596397865903980547 11
670024176312123423 15
688519714598813781 11
528024627176407062 11
504827590125682704 5
420426079711395841 93
389768112045555713 9
490272156249227300 155
161126253598998528 139
496815561326460960 9
383651477752774656 14
550185925783715850 15
771411818680811550 6
419265108695580682 5
361236822828777475 14
396907290516652032 19
568002272089604107 6
220423080307195904 7
263319989879046145 8
427240087051567126 14
248637493887500288 14
612861256189083669 5
756645308766879957 22
543810528275857434 63
346093328040984586 15
657382542391115797 5
417512380071936001 68
326982990100168705 14
704568415247007795 48
115583490107375617 13
112695247590449152 9
390631075266822145 21
229662291212107788 8
239428947761168385 15
409125989302403092 13
521072902099959819 5
675216028766175232 6
399189498451197972 15
404201212964241408 7
489974336086867969 14
413646811006500865 80
593441589712519197 197
396892162165309440 7
